2711  211764030
2707 211763990
2125 244020207
1280 246295000
2832 244660421
2831 244660413
2833 244660418
2834 244660420
2835 244660415
2836 244660422
2837 244660414
2838 244660423
2839 211493510
2840 211493530
2841 211493550
2842 211493570
2843 211515220
2844 211510550
2845 211617950
2846 211626240
2847 244660416
2848 205423290
2849 211510430
2850 211439370
2851 211474450
2852 211475880
2853 211541290
2854 211455300
2855 211437930
2856 211516390
2857 211785120
2858 211435700
2859 211446560
2860 211550500
2861 205382790
2862 253242440
2863 211464390
2864 211434550
2865 253242278
